0.4197561247810488	0.088336867659799	0.0023057021157425837
0.1676020891982655	0.09811005236155526	0.23789695024257157
0.12015748842097625	7.693918727327377E-7	0.3842836904302013
0.2911267889889501	0.12832082745623666	0.0842135522687886
4.1865800742799694E-4	0.04372230764934923	0.4606407901858427
0.37465856793318963	2.399012005040879E-6	0.1297768600314607
0.08388649968399277	0.24945401150396676	0.177122372815633
0.16644504925485468	0.33724261883740575	4.572853237027883E-4
0.3886916244180712	0.035855802433125084	0.0799746450060862
0.1338558873735959	0.20026896896014568	0.1682682397972066
0.0033792516921908678	0.3014741423474468	0.2064750571958884
0.12595276000272715	0.04458355001211464	0.3349403223262531
0.048957764704102305	0.07087612967051453	0.3854615603417085
0.3366492013160065	5.864773076086904E-4	0.16781888210279888
0.20021841410652996	0.005130205509578498	0.29757067406863597
0.07932249133318552	1.8070920522554314E-4	0.4241874076386983
0.03616788976839839	0.43816929629303214	0.034909047971303155
0.17465713217337453	0.25305643095930036	0.0758578441225902
0.16090726377282968	0.12586679759412153	0.21771614748258789
0.4172133781862685	0.003805268671534776	0.08241882158537592
4.3041117372818116E-4	0.08519204295812198	0.4177483519985481
0.15611706239087772	0.3114068462482514	0.04206239810057706
0.244367715875228	0.2206183746455994	0.038753396784049446
0.2934921609443556	0.085352653027391	0.12580731336449988
0.5039008769964496	1.8596391528574896E-9	8.00271273139301E-10
0.08855808276176266	0.20028651162232078	0.21524066026488323
0.15415250594205032	0.043947756786526466	0.30560095298888973
0.24835075741116622	0.039372112699912615	0.21541282285495986
0.330643919855896	0.17281573914913415	0.0011017601063739518
0.0013396720814846169	0.20390911526022445	0.2974061321111067
0.03858518529775424	0.3355541985545656	0.13134477052181592
0.25202027509609837	0.2511674146161935	0.0012771246327924126
0.22576370822325975	0.14843696561609154	0.13136628688611587
0.21320626947070195	0.07694349600378211	0.21355576014173142
1.1548128488687159E-6	0.5105726251725462	5.190443125190242E-9
0.24402205496215446	0.11840509005661058	0.1407622099550443
0.028468426020540963	0.47544318532550406	8.368713127430692E-10
0.12496928080462981	0.3798762839610659	1.7043337044182638E-4
0.04389974400810681	1.764935356583923E-5	0.4630168051644591
0.12952786368478647	0.17153577102337497	0.20400152499101878
0.33214332668204455	0.13443699072156615	0.03850520378592999
0.11895016090647931	0.1464428175985144	0.2377194504971341
0.037667377047830984	0.25027499487987914	0.21859249344414428
7.277886140137004E-4	0.4634076020822037	0.04048147642665784
2.576286172537108E-11	1.0814574295842764E-12	0.5047114857404615
0.0011270399109777815	0.1712240393546573	0.33184153670174493
0.22239820338955227	0.03961419541422699	0.24838643396740645
0.245140713070745	0.08691981967492882	0.1775688349062017
0.29482513687987655	0.16565912263407295	0.04501159812281191
0.19505906919958466	0.2669541955732589	0.04149389026078943
0.11903207893187247	0.0827961782626681	0.3029633176642574
0.21062539324597845	0.2925736294694598	1.1592875109419899E-6
0.2911414085572025	0.2108325039026727	0.0013554075118812916
0.08804588096919784	0.031165636524883866	0.38613488003083735
0.28746932593651503	0.002210672074646418	0.2144953152604979
0.029374625133106572	0.14217152460227292	0.3326464374088788
0.08587860969309744	0.11812756003167087	0.2994055176015696
0.08095037214975967	0.3852168335020741	0.03869126576534574
0.04853489454254644	0.03856104599385763	0.4154914029372438
0.46894464037694195	0.03656597965785836	8.395268667535666E-10
6.703633361362467E-4	0.42057830893133136	0.08227075486723406
0.17555765690365893	0.15903795088821293	0.16883695108242264
0.07933642193317354	0.2966247740452988	0.12775092408433192
0.3705060174019392	0.13137073731101845	0.0026975058753504876
0.041245397824156836	0.39409587622500086	0.07148563812543797
0.06472703115309734	0.2080850744176148	0.23066173852495725
0.3369182335264424	0.04287110343186185	0.1278381077932747
0.25585855818657305	0.0057162285877880095	0.2420591288877102
0.08412859150253876	0.3412996427882084	0.0796666632831291
0.08018306865947217	0.4281451980360594	0.017444134911040344
0.0910869212553349	0.08238964786400631	0.3302629790931257
0.1155214004950965	0.26126783237992707	0.12802360228231816
0.002089611947618081	0.11772940872307505	0.38368162411446616
0.21225440985479332	0.21153612082911216	0.08063870948535147
0.4125496888804296	0.04875992434599448	0.04179894727240829
0.37720861185273796	0.0847335242788656	0.04142403542402636
0.4614735286845124	2.3829936716183487E-4	0.041725640391505024
0.16552357832656625	0.20962598481755615	0.1270550337975904
0.32808666776508827	0.09697607985183922	0.07757429774683507
5.457365248449392E-4	0.3739609048592107	0.1288279693336312
0.12711099415187632	0.3037968935710305	0.07867054236342538
0.004338137000982336	0.2596130922534462	0.24125692552923614
3.716874567590398E-4	0.3328120552284833	0.1690208542564705
0.0359929178356097	0.2987540532706809	0.16773856449544666
0.2615284680196846	0.1654303594088066	0.07597946778393783
0.1266052695059777	0.33965615023344226	0.03869908541086658
0.21312152278757673	0.07691291197785	0.2137055796791598
0.4625691302203152	0.0025499115162975258	0.03972568936825664
0.19182599374657633	0.26986894416288554	0.0414653009951918
0.0033856752107913352	0.30204720553933745	0.2058697662086819
