0.9954825469964306	0.8261403542776017	0.5001027203655561	0.5002538097509609	0.49999866827437084	0.49985551300892744	0.5000972620240625
0.527615855005417	0.6307656406454901	0.5001034703874243	0.5000728217655983	0.4999744428917036	0.4998762300423017	0.5000675874362944
0.2382003682115555	0.9999935968456373	0.5000923871569208	0.4999924586329287	0.5000036183971158	0.49981173478554375	0.5000305753332567
0.8327972107045387	0.6940718639820771	0.5000919385741606	0.49989692660972457	0.5000415353011318	0.4998762385652392	0.5000309491742508
0.08744564387651804	0.009484568386729841	0.5001028058048314	0.5001163813173882	0.5000383880411743	0.4998533531576411	0.5000365027629832
0.7427297218979841	0.9999935968456373	0.5000921610032224	0.4999924586329287	0.5000036183971158	0.49981173478554375	0.5000305753332567
0.6530161577538193	0.2516540800427704	0.5001027203655561	0.5002528059530829	0.5000406949715771	0.49985723886518	0.5000972620240625
0.9990929487231711	0.3304528972989805	0.5001151626721901	0.5000006457895895	0.5000408865535492	0.49985577774721446	0.5000790030420018
0.8414843483226059	0.9155434701393385	0.5001028375306423	0.5001075480083248	0.5000281673365267	0.4998534056651275	0.5000370104186178
0.6650665761669868	0.4006163709050535	0.5000919360816101	0.4999962141754146	0.5000382282917575	0.5000927865683003	0.5000754823811044
0.596198770678648	0.011084841954396907	0.500093414241938	0.5002898711243139	0.49999857661371705	0.4998555926437115	0.5000334451713737
0.3373772378458123	0.7385685781037802	0.5000920705135767	0.49997375135607847	0.5000426897348251	0.4998032295478659	0.500075863848351
0.23715609007781796	0.4085468886711948	0.5000923807875733	0.4999832680243616	0.5000039204498791	0.4998023028257532	0.500075589891322
0.667721281713748	0.9982609274617611	0.5001030419402591	0.49999322740770935	0.499972442588254	0.4998038633679971	0.500035993072942
0.40831326655133554	0.9750170927899626	0.5001031212322697	0.49997854009715414	0.5000280044564595	0.4998722213173042	0.5000368459013205
0.15784133999666694	0.9977270197425796	0.500093193823952	0.4999582138475956	0.49999898888495303	0.4998555153807564	0.5000778904802958
0.9314495706824231	0.07624932396448114	0.5001135138079976	0.499813448928206	0.5000270520675177	0.4997906136949456	0.5000371006795833
0.8493603031672187	0.4083506982900999	0.500092597350728	0.4999855417433104	0.5000036534492975	0.4998529209427559	0.500075755395114
0.5684432647779686	0.5610942042869612	0.5001150998183161	0.5001061801146591	0.4999990100492089	0.49987769637759816	0.5000774024218769
0.8362878674083469	0.9909617573949878	0.5000930317841851	0.49996070652169744	0.5000005717986019	0.49987849592776257	0.5000992414919635
0.17009817233951713	0.005026849301298819	0.5000929504698853	0.49990163498900053	0.5000031084525475	0.49987807286939767	0.5000307390393043
0.917457754370032	0.3339231630855073	0.5001557205320374	0.4997904428396017	0.5000265468546838	0.49985163347111905	0.5000787461915981
0.9230685746090919	0.5255376899586686	0.5001026143533506	0.49997327752255627	0.49999778982956283	0.49985539370443877	0.5000755663430698
0.7507048785694006	0.7747028601696619	0.5001160340939973	0.5001103055612162	0.49999898737736775	0.49987650634846176	0.5000789259141462
0.9999999984118478	0.999999996309514	0.500103084771221	0.5000731189633777	0.49997290962063046	0.49987161319966544	0.5000794631895875
0.5730074262640913	0.3065942187722056	0.5000929299178782	0.49990619233396105	0.5000407681117781	0.4998733558076769	0.5000789609696309
0.39328922890607865	0.7781539702108289	0.5000933938743382	0.49998401070753884	0.5000415524377803	0.49985543464795684	0.5000766715639637
0.571859389293019	0.8631595997749065	0.5000934000523933	0.4999147777067906	0.49999905334700895	0.4998792840801785	0.5000345774365558
0.9978164004130274	0.6567436217418812	0.5000932065980009	0.4999029153799806	0.499998840237992	0.4998509180363407	0.500076511397251
0.408329411289042	0.006527064538774885	0.5000922308236908	0.4999830978146617	0.5000280044564595	0.4998726405197049	0.5000330083744231
0.7401604592641678	0.10313050954556703	0.5000917980450907	0.4999846217192617	0.5000270859598355	0.4997884187580977	0.5000370810568117
0.9974683573631385	0.5008474576160562	0.5001148255339578	0.5000937572449846	0.49999871475207275	0.4998521325387235	0.500037062101371
0.7401604592641678	0.6033225592751945	0.5000925833495455	0.4999787391172102	0.5000408841616112	0.4997884376995469	0.5000303875809028
0.5760305391121631	0.7348145504168999	0.5000919545048979	0.499979209062074	0.5000394132488188	0.49985403110398485	0.5000760117169212
0.9999999898340979	2.261794267817179E-6	0.5000918954016241	0.4997333129588895	0.5000409836472753	0.49985565970675	0.4999292758064021
0.7202599606615866	0.6732996088069506	0.5000934198798652	0.49997905616798044	0.4999994655973824	0.49985250584275986	0.5000371215671586
0.9999999983392498	0.05649488001377129	0.5001028048425602	0.5000731189633777	0.49997290962063046	0.499852807812335	0.5000360333666358
0.9996625188685688	0.24753962305805227	0.5001542531851829	0.4999997896089352	0.5000037298926097	0.49985400311545536	0.5000753273332702
0.08663332142388253	0.9995981238362557	0.5001030724692237	0.4998114215619039	0.5000409203338435	0.499854724161026	0.5000354660625204
0.5960887004905995	0.43023417228834493	0.500091895080591	0.4999757757028617	0.4999965126163181	0.49979763064592386	0.5000360325856894
0.9237649820267163	0.7118674198052963	0.5001026039000831	0.5001163813173882	0.49999879079731663	0.4998533623575256	0.5000769742850057
0.5275023299093875	0.4482038732770811	0.5000916630750468	0.4999855417433104	0.5000036761211387	0.499852988216091	0.5000358129786585
0.568455187613448	0.1308156795252337	0.5000924741527113	0.49980061326260716	0.5000394279852461	0.4998774740677416	0.5000361304878481
0.9197777976438498	0.0015680524015244668	0.5000921169355381	0.5001063346646399	0.5000275212382553	0.4998570755850595	0.5000760116718336
5.3187454440717374E-11	0.9597137322298359	0.500092768999942	0.499949382119682	0.500026911688602	0.4998129683221569	0.5000289869680623
0.3418357861805453	0.006539210057633221	0.500091900683957	0.5001136578632639	0.499998840237992	0.4998765514160251	0.500076511397251
0.513348350311061	0.8488079358263728	0.5001027203655561	0.5002538156258978	0.49999866827437084	0.49985551848517923	0.5000972620240625
0.6515726012330243	0.7382410401012608	0.5001032335641431	0.5002528059530829	0.5000406949715771	0.49985723886518	0.5000302186627088
0.9109555549411519	0.6402501948515471	0.5000934922147156	0.4999089798249123	0.5000277710751073	0.4998087520015506	0.5000358395939506
0.9175902668989525	0.42219365562044775	0.5001026159988626	0.4999630219621418	0.5000411176293019	0.49987327866886977	0.5000766203450322
0.3998249322029526	0.5897691462357446	0.5000922205918359	0.4999831381140072	0.5000039057139888	0.49980344336237836	0.5000329546477829
0.9999976961703266	0.41857273909112547	0.5000918954016241	0.4999644129851367	0.4999734907682433	0.49985578874126896	0.5000346055559336
0.9973071159217243	0.5799931058777374	0.5000918083319221	0.4999604196801485	0.5000388021559931	0.4998556757393929	0.5000372247293944
0.23590059823905896	0.7385685781037802	0.5000918544830295	0.49997375135607847	0.500028269307216	0.49980384684759693	0.5000757758176577
0.5745620429754685	0.992368571907539	0.5000925738218771	0.5001042572527689	0.5000270497672118	0.4998557293201161	0.5000360325856894
0.34023933336072065	0.17123453472094094	0.500091900683957	0.5001136578632639	0.4999989737659755	0.4998765514160251	0.500076511397251
0.4052471860720246	0.42096084549285545	0.5001026456019594	0.4999724468057882	0.5000284112662688	0.4998539668494532	0.5000334981217088
0.9233621540374748	0.17365093719230662	0.5001027203644974	0.5001063346646399	0.5000275263500225	0.4998555171127134	0.5000755670272395
0.17329513300999147	0.5572578267555419	0.5000952342116706	0.5001050897500661	0.5000279708595518	0.4999367484876412	0.5000361322013459
0.9999999983392498	0.927665259227707	0.500092735501876	0.4999756348706718	0.5000379698734986	0.4998028785060344	0.5000794631895875
0.8366085786691504	0.0015913719858815512	0.5001027250088607	0.49997608756301537	0.5000277470596239	0.49985050531823016	0.5000373979514514
0.6646284629266883	0.5246860772089419	0.5001030419402591	0.49999220017072543	0.5000390820342202	0.49985295201224833	0.5000305398004292
0.7463810795968071	0.21102290018706177	0.5000918210956506	0.4999954675178595	0.5000383068072255	0.49985175389190195	0.5000754772266874
0.9946538971841224	0.7382410401012608	0.5001032249169708	0.4999150512730776	0.5000406949715771	0.4998572385362503	0.5000800943287711
0.8589545337702745	0.09474267725761171	0.5000919381092896	0.4997904428396017	0.5000265004909578	0.4998768079433556	0.5000298565400967
0.5418595400139055	0.23725864736717217	0.5000939314411479	0.49995810862706935	0.49999797343837815	0.49987849592776257	0.5000991683324908
0.7481654920059815	0.8871187280422027	0.5000926432266123	0.49978822190896754	0.50002817102376	0.4998529222407269	0.5000372247293944
0.5193748447828378	0.9781468670651391	0.5000919385741606	0.49989770264827754	0.5000415353011318	0.4998766525383519	0.5000307169329385
0.8422738703839769	0.19775037179371457	0.5001031742126257	0.5001101583250626	0.5000275263500225	0.49985050531823016	0.5000755651554555
0.9668218893617517	0.15773875645498708	0.5001507135011841	0.4995423662412381	0.5000277185363282	0.4998505265773457	0.500075879706223
0.3443775056672191	0.525067573780945	0.5000927975279981	0.4999788970243901	0.500039079000343	0.49985289572913594	0.5000751465095153
0.7463939239135722	0.3065942187722056	0.5000931889768085	0.5001046328376453	0.5000273846613398	0.49985126267669533	0.5000789609696309
0.23797193094324476	0.017439734826084963	0.5000933067358433	0.4999838827664689	0.4999978167119523	0.49985538277530456	0.500074607948629
0.8401387091313465	0.5008474576160562	0.5001148255339578	0.500093849424753	0.49999871475207275	0.49985341477553236	0.500037062101371
0.9169186323703882	0.8943010877120792	0.5000926410273401	0.5000029623028246	0.49999938172402475	0.4998529222407269	0.500035456292343
0.9177059608594529	0.8165711294742645	0.5001031660257422	0.49998661793894494	0.5000006974721296	0.49985165123033826	0.5000354855398438
0.9171185241326264	0.9994838785738555	0.5000930317841851	0.49996070652169744	0.5000005717986019	0.49987849592776257	0.5000992414919635
0.7470054344955812	0.44122023477600725	0.500113378979148	0.49997143420314166	0.5000411078683553	0.49996634351240576	0.5000763713307054
0.8456653792983088	0.771854672291265	0.5000925969123551	0.4999876077947797	0.5000387225034186	0.49987708061140085	0.5000370008647333
0.7440510416123779	0.001457214544522023	0.5000934198798652	0.49997905616798044	0.5000382623121395	0.49985250584275986	0.5000372195605328
0.8456164199295149	0.29498414341770973	0.500091865537677	0.5002597365677863	0.49999676247671904	0.4998765514160251	0.5000764843627804
0.5224603497690079	0.016435373357555794	0.5001529625696647	0.5001063372452622	0.500040552913318	0.4998771402489433	0.5000360417065753
0.6634422399042924	0.0011155630036552289	0.500113378979148	0.49997143420314166	0.5000411078683553	0.49996634351240576	0.5000763713307054
0.6661823025521001	0.10752275880692297	0.5000921906178831	0.4999946059039103	0.5000264383301973	0.4998773225036738	0.5000299019746691
0.8489288477190906	0.612537910493223	0.500092597350728	0.4999855417433104	0.5000036534492975	0.4998766279880142	0.500075755395114
0.9233621540374748	0.2715328014415898	0.5001022706227477	0.5001084894690124	0.5000400328059386	0.49985613900135356	0.5000755470202363
0.5757621520005965	0.7348145504168999	0.5000919545048979	0.49997245543088226	0.5000394132488188	0.4998539529294574	0.5000760117169212
0.9213110746321633	0.994517722803227	0.500102169208317	0.5001058070234109	0.49999879079731663	0.4998533623575256	0.5000769742850057
0.9175902668989525	0.41548212465823764	0.5000923741844224	0.49998345177993503	0.5000411176293019	0.49987433301336553	0.5000755918945453
0.5973622130978988	0.011084841954396907	0.500093414241938	0.5002881537856043	0.5000277986183549	0.4998557292909958	0.5000334451713737
